[gd_scene load_steps=8 format=3 uid="uid://cpjd1usw6npr6"]

[ext_resource type="Texture2D" uid="uid://rn2twt62et04" path="res://Assets/MainMenu/MainMenu.png" id="1_nb35v"]
[ext_resource type="PackedScene" uid="uid://cl46o7qdb71nv" path="res://Assets/Models/Sputnik/space_satellite.glb" id="1_qouvi"]
[ext_resource type="Script" uid="uid://ca4jwambwidvs" path="res://Assets/Scripts/MainMenu/Sputnik.gd" id="2_202op"]
[ext_resource type="Script" uid="uid://c0kctcrume220" path="res://Assets/Scripts/MainMenu/Menu.gd" id="2_olbws"]

[sub_resource type="PanoramaSkyMaterial" id="PanoramaSkyMaterial_olbws"]
panorama = ExtResource("1_nb35v")

[sub_resource type="Sky" id="Sky_qouvi"]
sky_material = SubResource("PanoramaSkyMaterial_olbws")

[sub_resource type="Environment" id="Environment_202op"]
background_mode = 2
sky = SubResource("Sky_qouvi")

[node name="MainMenu" type="Node3D"]

[node name="Camera3D" type="Camera3D" parent="."]
transform = Transform3D(-0.9910489, -0.021608694, -0.13173977, 0.019551074, 0.95268106, -0.30334243, 0.13206081, -0.3032028, -0.94373095, -2.6335983, 15.12727, 4.1622343)
fov = 87.1875

[node name="Sketchfab_Scene" parent="." instance=ExtResource("1_qouvi")]
transform = Transform3D(-0.72107434, 0.41124392, 0.5576112, 0.32532, 0.91152537, -0.25157198, -0.6117342, 0, -0.79106337, -2.2208495, 16.32248, 10.245081)
script = ExtResource("2_202op")

[node name="SpotLight3D" type="SpotLight3D" parent="."]
transform = Transform3D(0.34995455, -0.67768496, -0.6467418, 0.32251057, 0.7353524, -0.5960233, 0.87949914, 1.6073722e-08, 0.4759005, -4.153078, 15.270544, 10.890997)
light_energy = 4.459
light_indirect_energy = 3.586
light_volumetric_fog_energy = 3.263
light_size = 1.0
spot_range = 6.4495683
spot_angle = 47.62406

[node name="WorldEnvironment" type="WorldEnvironment" parent="."]
environment = SubResource("Environment_202op")

[node name="CanvasLayer" type="CanvasLayer" parent="." node_paths=PackedStringArray("start_button", "settings_button", "quit_button")]
script = ExtResource("2_olbws")
start_button = NodePath("Start")
settings_button = NodePath("Settings")
quit_button = NodePath("Exit")
start_scene = "uid://3w36cuohiy7j"
settings_scene = "uid://0krnuk1pcwad"

[node name="Start" type="Button" parent="CanvasLayer"]
offset_left = 883.0
offset_top = 353.0
offset_right = 1136.0
offset_bottom = 404.0
text = "Начать игру"

[node name="Settings" type="Button" parent="CanvasLayer"]
offset_left = 883.0
offset_top = 449.0
offset_right = 1136.0
offset_bottom = 500.0
text = "Настройки"

[node name="Exit" type="Button" parent="CanvasLayer"]
offset_left = 886.0
offset_top = 547.0
offset_right = 1139.0
offset_bottom = 598.0
text = "Выйти"
